pattern_cols: 10
pattern_rows: 7
center_distance_mm: 20

R_gimbal2imubody: [1, 0, 0, 0, 1, 0,  0, 0, 1]

camera_name: "hikrobot"
exposure_ms: 20
gain: 14.0
vid_pid: "2bdf:0001"

#####-----gimbal参数-----#####
com_port: "/dev/gimbal"
yaw_kp: 0
yaw_kd: 0
pitch_kp: 0
pitch_kd: 0

# 重投影误差: 0.3500px
camera_matrix: [2398.5520461231717, 0, 767.14678727014507, 0, 2372.6817339325962, 552.05667863695635, 0, 0, 1]
distort_coeffs: [-0.060415020433018288, 0.19967699039178141, 0.0023548462848139262, 4.235404943416944e-05, 0]
