pattern_cols: 10
pattern_rows: 7
center_distance_mm: 19.5

R_gimbal2imubody: [1, 0, 0, 0, 1, 0, 0, 0, 1]

camera_name: "hikrobot"
exposure_ms: 6
gain: 14.0
vid_pid: "2bdf:0001"

#####-----gimbal参数-----#####
com_port: "/dev/gimbal"
yaw_kp: 0
yaw_kd: 0
pitch_kp: 0
pitch_kd: 0

# 重投影误差: 0.3190px
camera_matrix:
  [
    2328.4268632841172,
    0,
    662.46420171214788,
    0,
    2305.5569411594952,
    560.89222824992135,
    0,
    0,
    1,
  ]
distort_coeffs:
  [
    -0.080691886595488954,
    0.19584810852541268,
    0.0013310175933028781,
    -0.004238465012334324,
    0,
  ]
